 3    2 [(1, 2)]
 4    2 [(1, 3)]
 5    2 [(1, 4), (2, 3)]
 6    2 [(1, 5), (2, 4)]
      3 [(1, 2, 3)]
 7    2 [(1, 6), (2, 5), (3, 4)]
      3 [(1, 2, 4)]
 8    2 [(1, 7), (2, 6), (3, 5)]
      3 [(1, 2, 5), (1, 3, 4)]
 9    2 [(1, 8), (2, 7), (3, 6), (4, 5)]
      3 [(1, 2, 6), (1, 3, 5), (2, 3, 4)]
10    2 [(1, 9), (2, 8), (3, 7), (4, 6)]
      3 [(1, 2, 7), (1, 3, 6), (1, 4, 5), (2, 3, 5)]
      4 [(1, 2, 3, 4)]
11    2 [(2, 9), (3, 8), (4, 7), (5, 6)]
      3 Too many to list
      4 [(1, 2, 3, 5)]
12    2 [(3, 9), (4, 8), (5, 7)]
      3 Too many to list
      4 [(1, 2, 3, 6), (1, 2, 4, 5)]
13    2 [(4, 9), (5, 8), (6, 7)]
      3 Too many to list
      4 [(1, 2, 3, 7), (1, 2, 4, 6), (1, 3, 4, 5)]
14    2 [(5, 9), (6, 8)]
      3 Too many to list
      4 Too many to list
15    2 [(6, 9), (7, 8)]
      3 Too many to list
      4 Too many to list
      5 [(1, 2, 3, 4, 5)]
16    2 [(7, 9)]
      3 Too many to list
      4 Too many to list
      5 [(1, 2, 3, 4, 6)]
17    2 [(8, 9)]
      3 Too many to list
      4 Too many to list
      5 [(1, 2, 3, 4, 7), (1, 2, 3, 5, 6)]
18    3 Too many to list
      4 Too many to list
      5 [(1, 2, 3, 4, 8), (1, 2, 3, 5, 7), (1, 2, 4, 5, 6)]
19    3 Too many to list
      4 Too many to list
      5 Too many to list
20    3 [(3, 8, 9), (4, 7, 9), (5, 6, 9), (5, 7, 8)]
      4 Too many to list
      5 Too many to list
21    3 [(4, 8, 9), (5, 7, 9), (6, 7, 8)]
      4 Too many to list
      5 Too many to list
      6 [(1, 2, 3, 4, 5, 6)]
22    3 [(5, 8, 9), (6, 7, 9)]
      4 Too many to list
      5 Too many to list
      6 [(1, 2, 3, 4, 5, 7)]
23    3 [(6, 8, 9)]
      4 Too many to list
      5 Too many to list
      6 [(1, 2, 3, 4, 5, 8), (1, 2, 3, 4, 6, 7)]
24    3 [(7, 8, 9)]
      4 Too many to list
      5 Too many to list
      6 [(1, 2, 3, 4, 5, 9), (1, 2, 3, 4, 6, 8), (1, 2, 3, 5, 6, 7)]
25    4 Too many to list
      5 Too many to list
      6 [(1, 2, 3, 4, 6, 9), (1, 2, 3, 4, 7, 8), (1, 2, 3, 5, 6, 8), 
         (1, 2, 4, 5, 6, 7)]
26    4 Too many to list
      5 Too many to list
      6 Too many to list
27    4 [(3, 7, 8, 9), (4, 6, 8, 9), (5, 6, 7, 9)]
      5 Too many to list
      6 Too many to list
28    4 [(4, 7, 8, 9), (5, 6, 8, 9)]
      5 Too many to list
      6 Too many to list
      7 [(1, 2, 3, 4, 5, 6, 7)]
29    4 [(5, 7, 8, 9)]
      5 Too many to list
      6 Too many to list
      7 [(1, 2, 3, 4, 5, 6, 8)]
30    4 [(6, 7, 8, 9)]
      5 Too many to list
      6 Too many to list
      7 [(1, 2, 3, 4, 5, 6, 9), (1, 2, 3, 4, 5, 7, 8)]
31    5 Too many to list
      6 Too many to list
      7 [(1, 2, 3, 4, 5, 7, 9), (1, 2, 3, 4, 6, 7, 8)]
32    5 [(2, 6, 7, 8, 9), (3, 5, 7, 8, 9), (4, 5, 6, 8, 9)]
      6 Too many to list
      7 [(1, 2, 3, 4, 5, 8, 9), (1, 2, 3, 4, 6, 7, 9), 
         (1, 2, 3, 5, 6, 7, 8)]
33    5 [(3, 6, 7, 8, 9), (4, 5, 7, 8, 9)]
      6 Too many to list
      7 [(1, 2, 3, 4, 6, 8, 9), (1, 2, 3, 5, 6, 7, 9), 
         (1, 2, 4, 5, 6, 7, 8)]
34    5 [(4, 6, 7, 8, 9)]
      6 Too many to list
      7 [(1, 2, 3, 4, 7, 8, 9), (1, 2, 3, 5, 6, 8, 9), 
         (1, 2, 4, 5, 6, 7, 9), (1, 3, 4, 5, 6, 7, 8)]
35    5 [(5, 6, 7, 8, 9)]
      6 [(1, 4, 6, 7, 8, 9), (2, 3, 6, 7, 8, 9), (2, 4, 5, 7, 8, 9), 
         (3, 4, 5, 6, 8, 9)]
      7 [(1, 2, 3, 5, 7, 8, 9), (1, 2, 4, 5, 6, 8, 9), 
         (1, 3, 4, 5, 6, 7, 9), (2, 3, 4, 5, 6, 7, 8)]
36    6 [(1, 5, 6, 7, 8, 9), (2, 4, 6, 7, 8, 9), (3, 4, 5, 7, 8, 9)]
      7 [(1, 2, 3, 6, 7, 8, 9), (1, 2, 4, 5, 7, 8, 9), 
         (1, 3, 4, 5, 6, 8, 9), (2, 3, 4, 5, 6, 7, 9)]
      8 [(1, 2, 3, 4, 5, 6, 7, 8)]
37    6 [(2, 5, 6, 7, 8, 9), (3, 4, 6, 7, 8, 9)]
      7 [(1, 2, 4, 6, 7, 8, 9), (1, 3, 4, 5, 7, 8, 9), 
         (2, 3, 4, 5, 6, 8, 9)]
      8 [(1, 2, 3, 4, 5, 6, 7, 9)]
38    6 [(3, 5, 6, 7, 8, 9)]
      7 [(1, 2, 5, 6, 7, 8, 9), (1, 3, 4, 6, 7, 8, 9), 
         (2, 3, 4, 5, 7, 8, 9)]
      8 [(1, 2, 3, 4, 5, 6, 8, 9)]
39    6 [(4, 5, 6, 7, 8, 9)]
      7 [(1, 3, 5, 6, 7, 8, 9), (2, 3, 4, 6, 7, 8, 9)]
      8 [(1, 2, 3, 4, 5, 7, 8, 9)]
40    7 [(1, 4, 5, 6, 7, 8, 9), (2, 3, 5, 6, 7, 8, 9)]
      8 [(1, 2, 3, 4, 6, 7, 8, 9)]
41    7 [(2, 4, 5, 6, 7, 8, 9)]
      8 [(1, 2, 3, 5, 6, 7, 8, 9)]
42    7 [(3, 4, 5, 6, 7, 8, 9)]
      8 [(1, 2, 4, 5, 6, 7, 8, 9)]
43    8 [(1, 3, 4, 5, 6, 7, 8, 9)]
44    8 [(2, 3, 4, 5, 6, 7, 8, 9)]
45    9 [(1, 2, 3, 4, 5, 6, 7, 8, 9)]